
102
111
112
113
114
115
116
118
119
120
121
132
142
145
164
184
185
205
21
210
22
228
229
230
231
232
233
234
237
238
243
243-original
243-topup
244
245
245-original
245-topup
252
253
254
255
257
347
348
350
352
360
361
366
366-original
366-topup
367
372
373
376
377
378
379
380
381
382
41
410
413
414
42
420
425
426
432
437
438
439
440
441
442
446
448
449
45
450
451
452
453
454
455
456
457
458
459
460
461
462
463
464
465
466
47
471
472
473
474
475
476
477
478
479
48
482
485
490
491
492
493
494
499
504
504-original
504-topup
506
506-original
506-topup
507
508
509
51
510
512
513
514
515
516
517
518
519
520
521
522
523
524
525
526
53
533
534
537
540
541
546
547
548
550
552
554
557
558
562
563
564
569
570
572
577
578
579
581
582
583
584
585
586
587
588
589
59
590
591
592
593
594
595
596
597
598
599
620
621
622
631
632
633
634
635
636
637
638
639
64
640
641
642
643
644
645
646
647
648
649
650
651
652
653
654
655
676
677
678
679
680
681
682
683
684
685
686
687
688
689
690
691
692
693
694
695
700
702
703
705
724
725
731
734
735
736
746
75
755
756
757
758
759
760
761
762
763
764
766
767
78
812
813
89
9
Col-123
info
md5sums.txt
ms582_unicycler_assembly.fasta
p_aeruginosa_sp_ADP
virus
